,Адгезионная добавка,Пластификатор,Полимер,"Глубина  проникания иглы при 0 °С, [мм-1]","Глубина  проникания иглы при 25 °С, [мм-1]","Растяжимость  при температуре 0 °С, [см]","Температура размягчения, [°С]","Эластичность при 0 °С, [%]"
0,0,0,0,33.0,71.0,21.0,74.4,73.0
1,1,1,1,32.0,71.0,16.0,72.8,75.0
2,1,2,1,35.0,76.0,27.0,74.0,78.0
3,1,3,1,30.0,65.0,13.0,75.0,75.0
4,1,3,1,32.0,66.0,14.0,75.0,77.0
5,1,4,1,36.0,87.0,41.0,73.0,80.0
6,1,5,1,35.0,75.0,29.0,70.0,72.0
7,1,6,1,23.0,63.0,18.0,77.0,74.0
8,1,6,1,33.0,71.0,23.0,73.0,72.0
9,1,7,1,31.0,71.0,18.0,72.0,75.0
10,1,8,1,26.0,52.0,11.0,75.0,68.0
11,1,9,1,26.0,55.0,11.0,76.0,71.0
12,1,10,1,34.0,69.0,17.0,73.0,75.0
13,0,11,0,26.0,64.0,19.0,74.0,65.0
14,0,11,0,28.0,74.0,19.0,71.0,72.0
15,0,12,0,34.0,75.0,30.0,69.0,71.0
16,0,13,0,48.0,115.0,67.0,65.0,86.0
17,0,13,0,32.0,76.0,27.0,69.0,74.0
18,0,14,0,46.0,113.0,49.0,62.0,82.0
19,0,14,0,30.0,73.0,26.0,70.0,73.0
20,0,15,0,26.0,67.0,17.0,74.0,70.0
21,0,15,0,32.0,82.0,35.0,73.0,73.0
22,0,16,0,32.0,78.0,25.0,71.0,76.0
23,0,16,0,35.0,84.0,33.0,71.0,75.0
24,0,17,0,33.0,75.0,21.0,75.0,79.0
25,0,18,0,30.0,65.0,26.0,73.0,70.0
26,0,18,0,32.0,78.0,22.0,67.0,71.0
27,0,19,0,40.0,91.0,35.0,72.0,77.0
28,0,19,0,38.0,84.0,23.0,71.0,74.0
29,0,20,0,32.0,76.0,25.0,62.0,71.0
30,0,3,0,32.0,82.0,28.0,73.0,70.0
31,0,3,0,32.0,78.0,22.0,73.0,71.0
32,0,21,0,34.0,80.0,36.0,71.0,76.0
33,0,21,0,38.0,87.0,34.0,66.0,77.0
34,0,22,0,38.0,89.0,39.0,68.0,81.0
35,0,18,0,23.0,52.0,16.0,80.0,67.0
36,0,18,0,25.0,55.0,12.0,76.0,70.0
37,2,18,0,55.0,155.0,56.0,71.0,89.0
38,0,1,0,34.0,87.0,0.0,76.8,80.0
39,2,1,0,30.0,58.0,12.0,77.0,66.0
40,0,1,1,0.0,62.0,0.0,63.0,0.0
41,0,17,0,26.0,55.0,12.0,78.0,67.0
42,0,17,0,30.0,70.0,20.0,59.0,92.0
43,0,23,1,34.0,81.0,44.0,77.0,75.0
44,1,18,1,35.0,80.0,37.0,76.0,73.0
45,3,23,0,36.0,73.0,45.0,70.0,73.0
46,3,18,1,30.0,71.0,26.7,76.0,75.0
47,3,23,1,32.0,70.0,26.0,72.0,0.0
48,1,23,1,33.0,74.0,27.0,73.0,77.0
49,4,23,0,34.0,76.0,37.0,77.0,74.0
50,4,23,2,33.0,73.0,29.0,76.0,0.0
51,4,23,1,33.0,73.0,28.0,73.0,0.0
52,4,23,1,32.0,72.0,28.0,74.0,94.0
53,1,23,1,32.0,68.0,21.0,74.0,71.0
54,1,23,0,34.0,73.0,20.0,75.0,72.0
55,0,24,1,32.0,76.0,27.0,75.0,73.0
56,0,23,1,32.0,74.0,20.0,71.0,75.0
57,0,23,0,33.0,77.0,17.0,73.0,70.0
58,0,23,0,32.0,77.0,31.0,72.0,0.0
59,0,23,0,32.0,71.0,21.0,73.0,0.0
60,0,23,0,32.0,75.0,28.0,79.0,78.0
61,0,18,3,33.0,76.0,25.0,70.0,72.0
62,1,17,0,34.0,75.0,28.0,70.0,72.0
63,0,17,1,32.0,90.0,37.0,77.0,81.0
64,0,17,0,32.0,84.0,49.0,77.0,80.0
65,0,17,0,32.0,83.0,45.0,76.0,77.0
66,0,18,1,33.0,78.0,39.0,69.0,74.0
67,0,23,1,0.0,71.0,29.3,72.0,0.0
68,4,23,1,32.0,73.0,15.0,0.0,0.0
69,4,23,1,35.0,73.0,19.0,0.0,0.0
70,0,23,0,0.0,79.0,24.0,76.0,0.0
71,0,17,0,40.0,73.0,57.0,77.0,87.0
72,0,17,0,32.0,0.0,25.0,73.0,74.0
73,0,23,1,34.0,77.0,47.4,74.6,0.0
74,0,23,1,31.0,77.0,28.4,72.0,0.0
75,1,23,1,31.0,70.0,23.0,76.0,0.0
76,0,23,1,32.0,78.0,30.0,73.0,0.0
77,3,23,1,32.0,77.0,43.8,74.0,0.0
78,3,23,0,32.0,78.0,29.0,73.0,0.0
79,3,23,0,32.0,78.0,38.6,73.0,0.0
80,3,23,0,33.0,76.0,47.0,71.0,0.0
81,3,23,1,35.0,76.0,43.0,72.0,0.0
82,3,23,1,31.0,78.0,42.0,79.0,0.0
83,3,23,1,32.0,74.0,29.0,74.0,0.0
84,3,23,1,30.0,73.0,20.0,71.0,0.0
85,3,23,1,32.0,76.0,30.0,74.0,0.0
86,3,23,1,31.0,76.0,35.0,72.0,0.0
87,3,23,0,30.0,71.0,29.0,71.0,0.0
88,3,23,0,32.0,71.0,51.0,74.0,0.0
89,3,23,0,29.0,73.0,38.0,72.0,0.0
90,3,18,1,31.0,76.0,34.4,72.0,0.0
91,3,18,1,33.0,72.0,40.7,73.0,0.0
92,3,18,0,32.0,74.0,31.0,71.0,0.0
93,0,18,1,29.0,73.0,34.6,77.0,0.0
94,3,18,1,32.0,72.0,25.0,73.0,0.0
95,3,18,1,30.0,71.0,27.0,75.0,0.0
96,3,18,1,32.0,68.0,27.5,75.0,0.0
97,3,23,1,32.0,69.0,27.0,75.0,0.0
98,4,24,1,32.0,74.0,44.0,70.0,0.0
99,4,23,1,32.0,74.0,28.0,71.0,0.0
100,4,23,1,37.0,77.0,43.5,72.0,0.0
101,0,23,1,32.0,69.0,23.9,77.0,0.0
102,4,23,1,32.0,73.0,21.0,76.0,0.0
103,1,23,1,34.0,71.0,50.0,74.0,0.0
104,1,23,1,32.0,71.0,24.7,74.0,0.0
105,1,23,1,31.0,72.0,24.0,73.0,0.0
106,4,23,1,32.0,65.0,16.0,75.0,0.0
107,0,24,1,32.0,70.0,19.0,76.0,0.0
